./img/vlcsnap-2017-03-23-07h06m41s816.png 1 261 26 188 198
./img/vlcsnap-2017-03-23-08h02m07s782.png 2 261 34 210 190 0 84 127 159
./img/vlcsnap-2017-03-23-08h02m09s331.png 2 61 147 216 162 316 21 192 193
./img/vlcsnap-2017-03-23-08h02m10s531.png 2 173 142 149 160 350 12 197 197
./img/vlcsnap-2017-03-23-08h02m12s931.png 2 396 157 220 143 367 13 188 140
./img/vlcsnap-2017-03-23-08h02m35s283.png 1 367 9 216 144
./img/vlcsnap-2017-03-23-08h02m39s231.png 3 450 163 168 139 545 124 9 28 390 0 164 152
./img/vlcsnap-2017-03-23-08h02m40s279.png 2 289 182 202 152 404 4 159 177
./img/vlcsnap-2017-03-23-08h02m41s478.png 2 152 167 159 150 403 1 150 209
./img/vlcsnap-2017-03-23-08h02m42s531.png 2 13 157 200 154 395 0 164 203
./img/vlcsnap-2017-03-23-08h02m58s182.png 1 395 0 190 215
./img/vlcsnap-2017-03-23-08h03m15s483.png 2 371 0 214 215 24 146 171 150
./img/vlcsnap-2017-03-23-08h03m16s832.png 1 24 128 335 168
./img/vlcsnap-2017-03-23-08h03m18s531.png 2 269 145 200 156 383 5 180 180
./img/vlcsnap-2017-03-23-08h03m20s031.png 1 354 5 29 167
./img/vlcsnap-2017-03-23-08h03m38s180.png 1 354 4 248 168
./img/vlcsnap-2017-03-23-08h03m54s035.png 0
./img/vlcsnap-2017-03-23-08h04m00s032.png 1 83 19 211 220
./img/vlcsnap-2017-03-23-08h04m01s481.png 1 205 32 189 190
./img/vlcsnap-2017-03-23-08h04m03s730.png 1 349 10 185 219
./img/vlcsnap-2017-03-23-08h04m10s330.png 1 371 4 229 224
./img/vlcsnap-2017-03-23-08h04m16s083.png 2 21 75 220 183 363 1 225 209
./img/vlcsnap-2017-03-23-08h04m17s231.png 2 130 95 175 182 377 9 199 216
./img/vlcsnap-2017-03-23-08h04m18s281.png 2 243 130 190 172 382 5 211 210
./img/vlcsnap-2017-03-23-08h04m19s176.png 2 316 153 269 152 383 1 208 176
./img/vlcsnap-2017-03-23-08h04m49s783.png 2 419 134 200 166 370 0 215 180
./img/vlcsnap-2017-03-23-08h04m50s782.png 2 415 110 178 167 361 1 196 158
./img/vlcsnap-2017-03-23-08h04m53s730.png 2 427 94 192 175 362 4 214 163
./img/vlcsnap-2017-03-23-08h04m59s782.png 4 248 115 144 147 374 2 195 199 555 171 84 111 0 132 98 143
./img/vlcsnap-2017-03-23-08h05m01s480.png 5 605 102 10 8 423 102 192 180 363 2 173 159 73 40 196 162 0 147 181 154
./img/vlcsnap-2017-03-23-08h05m02s680.png 4 44 187 191 131 1 18 185 163 292 98 178 149 388 3 190 175
./img/vlcsnap-2017-03-23-08h05m03s583.png 4 137 189 172 122 185 32 195 199 379 4 179 197 0 68 89 121
./img/vlcsnap-2017-03-23-08h05m06s130.png 3 327 171 180 140 379 1 174 179 0 51 197 166
./img/vlcsnap-2017-03-23-08h05m07s180.png 4 385 134 242 155 358 0 174 162 0 160 122 99 0 83 73 73
./img/vlcsnap-2017-03-23-08h05m15s586.png 2 396 141 198 162 343 0 187 139
./img/vlcsnap-2017-03-23-08h05m17s083.png 2 225 124 169 165 393 0 187 199
./img/vlcsnap-2017-03-23-08h05m18s432.png 2 86 113 206 183 393 1 199 213
./img/vlcsnap-2017-03-23-08h05m19s032.png 2 7 116 239 168 399 1 171 206
./img/vlcsnap-2017-03-23-08h05m24s882.png 1 390 24 197 202
./img/vlcsnap-2017-03-23-08h05m26s130.png 1 268 16 197 231
./img/vlcsnap-2017-03-23-08h05m27s129.png 1 167 38 195 219
./img/vlcsnap-2017-03-23-08h05m28s381.png 1 24 31 223 231
./img/vlcsnap-2017-03-23-08h05m39s929.png 1 401 82 214 185
./img/vlcsnap-2017-03-23-08h05m40s381.png 1 314 83 183 173
./img/vlcsnap-2017-03-23-08h05m41s130.png 1 146 79 172 192
./img/vlcsnap-2017-03-23-08h05m41s427.png 1 49 71 224 214
./img/vlcsnap-2017-03-23-08h06m10s234.png 2 467 82 160 178 0 12 165 199
./img/vlcsnap-2017-03-23-08h06m11s682.png 2 406 65 188 191 1 5 140 193
./img/vlcsnap-2017-03-23-08h06m15s681.png 2 340 90 164 164 0 15 144 189
./img/vlcsnap-2017-03-23-08h06m18s280.png 2 224 84 150 177 0 20 148 174
./img/vlcsnap-2017-03-23-08h06m20s682.png 2 167 75 186 190 0 27 136 188
./img/vlcsnap-2017-03-23-08h06m22s783.png 2 164 84 162 175 0 28 132 173
./img/vlcsnap-2017-03-23-08h06m27s030.png 2 223 103 154 165 0 25 142 181
./img/vlcsnap-2017-03-23-08h06m30s832.png 2 444 98 165 169 0 24 141 172
./img/vlcsnap-2017-03-23-08h06m33s531.png 2 440 49 189 198 0 25 163 175
./img/vlcsnap-2017-03-23-08h20m09s198.png 1 465 2 158 230
./img/vlcsnap-2017-03-23-08h20m12s679.png 4 174 137 172 148 165 35 131 141 429 1 145 161 517 8 118 190
./img/vlcsnap-2017-03-23-08h20m13s629.png 4 295 142 152 144 181 47 131 176 609 159 4 10 476 3 137 156
./img/vlcsnap-2017-03-23-08h20m15s430.png 4 324 171 157 134 508 162 130 152 528 0 108 150 428 0 113 143
./img/vlcsnap-2017-03-23-08h20m16s276.png 3 374 164 190 141 354 0 135 177 173 11 155 199
./img/vlcsnap-2017-03-23-08h20m17s728.png 4 376 166 203 133 286 0 164 155 0 21 172 150 549 28 88 161
./img/vlcsnap-2017-03-23-08h20m18s876.png 3 392 160 193 139 298 67 172 165 290 3 197 103
./img/vlcsnap-2017-03-23-08h20m20s278.png 3 335 117 201 162 0 70 106 135 560 53 78 129
./img/vlcsnap-2017-03-23-08h20m22s730.png 2 347 134 192 150 350 2 213 156
./img/vlcsnap-2017-03-23-08h20m23s075.png 2 371 132 167 160 253 20 137 161
./img/vlcsnap-2017-03-23-08h20m23s378.png 2 371 126 163 165 132 25 180 190
./img/vlcsnap-2017-03-23-08h20m23s775.png 2 315 117 184 166 0 21 232 189
./img/vlcsnap-2017-03-23-08h20m25s226.png 2 326 120 159 220 34 11 246 193
./img/vlcsnap-2017-03-23-08h20m30s485.png 1 124 103 159 189
./img/vlcsnap-2017-03-23-08h20m31s034.png 1 258 90 157 166
./img/vlcsnap-2017-03-23-08h20m31s583.png 1 322 63 230 188
./img/vlcsnap-2017-03-23-08h20m39s758.png 1 344 63 192 183
./img/vlcsnap-2017-03-23-08h20m40s506.png 1 165 75 146 185
./img/vlcsnap-2017-03-23-08h20m51s643.png 1 381 53 200 204
./img/vlcsnap-2017-03-23-08h20m52s990.png 1 315 53 170 169
./img/vlcsnap-2017-03-23-08h20m54s291.png 1 297 68 169 176
./img/vlcsnap-2017-03-23-08h21m22s758.png 2 88 139 179 177 0 17 124 164
./img/vlcsnap-2017-03-23-08h21m24s706.png 2 89 155 199 162 0 18 118 170
./img/vlcsnap-2017-03-23-08h21m25s954.png 1 273 15 240 208
./img/vlcsnap-2017-03-23-08h21m26s204.png 1 346 33 249 206
./img/vlcsnap-2017-03-23-08h21m28s403.png 1 115 86 195 187
./img/vlcsnap-2017-03-23-08h21m33s338.png 1 400 84 235 202
./img/vlcsnap-2017-03-23-08h21m51s691.png 1 37 32 191 202
./img/vlcsnap-2017-03-23-08h21m52s291.png 1 106 27 195 193
./img/vlcsnap-2017-03-23-08h21m54s139.png 1 128 28 191 170
./img/vlcsnap-2017-03-23-08h21m56s239.png 1 341 26 182 204
./img/vlcsnap-2017-03-23-08h21m56s887.png 1 383 40 218 209
./img/vlcsnap-2017-03-23-08h21m58s090.png 1 458 42 177 181
./img/vlcsnap-2017-03-23-08h22m16s359.png 1 308 14 184 191
./img/vlcsnap-2017-03-23-08h22m17s059.png 1 328 8 140 185
./img/vlcsnap-2017-03-23-08h22m20s491.png 2 29 127 162 162 520 4 119 171
./img/vlcsnap-2017-03-23-08h22m20s987.png 2 524 5 115 180 94 110 177 169
./img/vlcsnap-2017-03-23-08h22m21s639.png 2 214 90 155 147 542 1 96 182
./img/vlcsnap-2017-03-23-08h22m22s086.png 2 287 56 157 169 538 0 98 183
./img/vlcsnap-2017-03-23-08h22m24s639.png 1 404 41 198 203
./img/vlcsnap-2017-03-23-08h22m30s642.png 2 319 83 180 167 541 50 97 139
./img/vlcsnap-2017-03-23-08h22m31s388.png 0
./img/vlcsnap-2017-03-23-08h22m34s589.png 3 340 85 153 154 0 88 156 187 536 42 102 147
./img/vlcsnap-2017-03-23-08h22m36s424.png 2 474 46 162 204 92 162 187 152
./img/vlcsnap-2017-03-23-08h22m38s070.png 2 104 136 208 159 462 28 153 203
./img/vlcsnap-2017-03-23-08h22m39s774.png 2 122 142 190 160 454 32 167 214
./img/vlcsnap-2017-03-23-08h22m43s372.png 3 156 151 156 159 344 49 169 186 500 62 139 193
./img/vlcsnap-2017-03-23-08h22m46s872.png 2 314 188 192 129 412 83 196 126
./img/vlcsnap-2017-03-23-08h22m56s238.png 1 236 150 165 139
./img/vlcsnap-2017-03-23-08h22m56s938.png 1 274 137 192 166
./img/vlcsnap-2017-03-23-08h22m58s735.png 1 327 156 225 142
./img/vlcsnap-2017-03-23-08h23m05s176.png 3 406 38 174 186 288 5 129 198 0 27 174 165
./img/vlcsnap-2017-03-23-08h23m05s774.png 3 327 74 185 178 289 9 170 158 0 24 167 166
./img/vlcsnap-2017-03-23-08h23m07s575.png 2 367 215 188 121 215 54 135 164
./img/vlcsnap-2017-03-23-08h23m08s024.png 2 370 222 169 113 335 118 164 137
./img/vlcsnap-2017-03-23-08h23m10s826.png 1 471 1 152 185
./img/vlcsnap-2017-03-23-08h23m12s417.png 2 396 180 147 142 475 2 151 193
./img/vlcsnap-2017-03-23-08h23m13s074.png 2 317 176 149 169 472 2 157 204
./img/vlcsnap-2017-03-23-08h23m16s619.png 1 343 106 189 192
./img/vlcsnap-2017-03-23-08h23m19s107.png 2 371 112 194 176 263 20 177 192
./img/vlcsnap-2017-03-23-08h23m19s555.png 2 392 135 200 165 383 1 178 142
